-* S / M / L Building Position, Player land position, Bot land position *-
-* (Land number) (Small building y, x) (Medium building y, x) (Large building y, x) (Player position at land y, x) (Bot position at land y, x) *-
!
0 -1 -1 -1 -1 -1 -1 29 5 29 12
1 500 500 500 500 500 500 21 5 23 5
2 500 500 500 500 500 500 15 5 17 5
3 500 500 500 500 500 500 9 5 11 5
4 -1 -1 -1 -1 -1 -1 2 5 5 11
5 500 500 500 500 500 500 2 22 2 29
6 500 500 500 500 500 500 2 39 2 46
7 500 500 500 500 500 500 2 56 2 63
8 500 500 500 500 500 500 2 73 2 80
9 500 500 500 500 500 500 2 90 2 97
10 500 500 500 500 500 500 2 107 2 114
11 -1 -1 -1 -1 -1 -1 2 131 5 124
12 500 500 500 500 500 500 9 131 11 131
13 500 500 500 500 500 500 15 131 17 131
14 500 500 500 500 500 500 21 131 23 131
15 -1 -1 -1 -1 -1 -1 27 124 30 131
16 500 500 500 500 500 500 30 107 30 114
17 500 500 500 500 500 500 30 90 30 97
18 500 500 500 500 500 500 30 73 30 80
19 500 500 500 500 500 500 30 56 30 63
20 500 500 500 500 500 500 30 39 30 46
21 500 500 500 500 500 500 30 22 30 29